# NUV_css
 2000.00    0.00000
 2010.00    0.00000
 2020.00    0.00000
 2030.00    0.00000
 2040.00    0.00000
 2050.00    0.00000
 2060.00    0.00000
 2070.00    0.00000
 2080.00    0.00000
 2090.00    0.00000
 2100.00    0.00000
 2110.00    0.00000
 2120.00    0.00000
 2130.00    0.00000
 2140.00    0.00000
 2150.00    0.00000
 2160.00    0.00000
 2170.00    0.00000
 2180.00    0.00000
 2190.00    0.00000
 2200.00    0.00000
 2210.00    0.00000
 2220.00    0.00000
 2230.00    0.00000
 2240.00    0.00000
 2250.00    0.00000
 2260.00    0.00000
 2270.00    0.00000
 2280.00    0.00000
 2290.00    0.00000
 2300.00    0.00000
 2310.00    0.00000
 2320.00    0.00000
 2330.00    0.00000
 2340.00    0.00000
 2350.00    0.00000
 2360.00    0.00000
 2370.00    0.00000
 2380.00    0.00000
 2390.00    0.00000
 2400.00    0.00000
 2410.00    0.00000
 2420.00    0.00000
 2430.00    0.00000
 2440.00    0.00000
 2450.00    0.00000
 2460.00    0.00000
 2470.00    0.00000
 2480.00    0.00000
 2490.00    0.00000
 2500.00    0.02686
 2510.00    0.08110
 2520.00    0.13603
 2530.00    0.16427
 2540.00    0.16530
 2550.00    0.16634
 2560.00    0.16730
 2570.00    0.16827
 2580.00    0.16924
 2590.00    0.17021
 2600.00    0.17118
 2610.00    0.17154
 2620.00    0.17190
 2630.00    0.17225
 2640.00    0.17261
 2650.00    0.17297
 2660.00    0.17347
 2670.00    0.17396
 2680.00    0.17446
 2690.00    0.17496
 2700.00    0.17545
 2710.00    0.17685
 2720.00    0.17826
 2730.00    0.17966
 2740.00    0.18107
 2750.00    0.18247
 2760.00    0.18444
 2770.00    0.18641
 2780.00    0.18838
 2790.00    0.19036
 2800.00    0.19234
 2810.00    0.19411
 2820.00    0.19589
 2830.00    0.19767
 2840.00    0.19945
 2850.00    0.20123
 2860.00    0.20239
 2870.00    0.20387
 2880.00    0.20558
 2890.00    0.20729
 2900.00    0.20902
 2910.00    0.20996
 2920.00    0.21091
 2930.00    0.21185
 2940.00    0.21280
 2950.00    0.21375
 2960.00    0.21448
 2970.00    0.21522
 2980.00    0.21595
 2990.00    0.21669
 3000.00    0.21742
 3010.00    0.21808
 3020.00    0.21874
 3030.00    0.21940
 3040.00    0.22006
 3050.00    0.22071
 3060.00    0.22137
 3070.00    0.22203
 3080.00    0.22268
 3090.00    0.22334
 3100.00    0.22400
 3110.00    0.22473
 3120.00    0.22546
 3130.00    0.22619
 3140.00    0.22692
 3150.00    0.22765
 3160.00    0.22823
 3170.00    0.22880
 3180.00    0.22938
 3190.00    0.22995
 3200.00    0.17289
 3210.00    0.11543
 3220.00    0.05780
 3230.00    0.00000
 3240.00    0.00000
 3250.00    0.00000
 3260.00    0.00000
 3270.00    0.00000
 3280.00    0.00000
 3290.00    0.00000
 3300.00    0.00000
 3310.00    0.00000
 3320.00    0.00000
 3330.00    0.00000
 3340.00    0.00000
 3350.00    0.00000
 3360.00    0.00000
 3370.00    0.00000
 3380.00    0.00000
 3390.00    0.00000
 3400.00    0.00000
 3410.00    0.00000
 3420.00    0.00000
 3430.00    0.00000
 3440.00    0.00000
 3450.00    0.00000
 3460.00    0.00000
 3470.00    0.00000
 3480.00    0.00000
 3490.00    0.00000
 3500.00    0.00000
 3510.00    0.00000
 3520.00    0.00000
 3530.00    0.00000
 3540.00    0.00000
 3550.00    0.00000
 3560.00    0.00000
 3570.00    0.00000
 3580.00    0.00000
 3590.00    0.00000
 3600.00    0.00000
 3610.00    0.00000
 3620.00    0.00000
 3630.00    0.00000
 3640.00    0.00000
 3650.00    0.00000
 3660.00    0.00000
 3670.00    0.00000
 3680.00    0.00000
 3690.00    0.00000
 3700.00    0.00000
 3710.00    0.00000
 3720.00    0.00000
 3730.00    0.00000
 3740.00    0.00000
 3750.00    0.00000
 3760.00    0.00000
 3770.00    0.00000
 3780.00    0.00000
 3790.00    0.00000
 3800.00    0.00000
 3810.00    0.00000
 3820.00    0.00000
 3830.00    0.00000
 3840.00    0.00000
 3850.00    0.00000
 3860.00    0.00000
 3870.00    0.00000
 3880.00    0.00000
 3890.00    0.00000
 3900.00    0.00000
 3910.00    0.00000
 3920.00    0.00000
 3930.00    0.00000
 3940.00    0.00000
 3950.00    0.00000
 3960.00    0.00000
 3970.00    0.00000
 3980.00    0.00000
 3990.00    0.00000
 4000.00    0.00000
 4010.00    0.00000
 4020.00    0.00000
 4030.00    0.00000
 4040.00    0.00000
 4050.00    0.00000
 4060.00    0.00000
 4070.00    0.00000
 4080.00    0.00000
 4090.00    0.00000
 4100.00    0.00000
 4110.00    0.00000
 4120.00    0.00000
 4130.00    0.00000
 4140.00    0.00000
 4150.00    0.00000
 4160.00    0.00000
 4170.00    0.00000
 4180.00    0.00000
 4190.00    0.00000
 4200.00    0.00000
 4210.00    0.00000
 4220.00    0.00000
 4230.00    0.00000
 4240.00    0.00000
 4250.00    0.00000
 4260.00    0.00000
 4270.00    0.00000
 4280.00    0.00000
 4290.00    0.00000
 4300.00    0.00000
 4310.00    0.00000
 4320.00    0.00000
 4330.00    0.00000
 4340.00    0.00000
 4350.00    0.00000
 4360.00    0.00000
 4370.00    0.00000
 4380.00    0.00000
 4390.00    0.00000
 4400.00    0.00000
 4410.00    0.00000
 4420.00    0.00000
 4430.00    0.00000
 4440.00    0.00000
 4450.00    0.00000
 4460.00    0.00000
 4470.00    0.00000
 4480.00    0.00000
 4490.00    0.00000
 4500.00    0.00000
 4510.00    0.00000
 4520.00    0.00000
 4530.00    0.00000
 4540.00    0.00000
 4550.00    0.00000
 4560.00    0.00000
 4570.00    0.00000
 4580.00    0.00000
 4590.00    0.00000
 4600.00    0.00000
 4610.00    0.00000
 4620.00    0.00000
 4630.00    0.00000
 4640.00    0.00000
 4650.00    0.00000
 4660.00    0.00000
 4670.00    0.00000
 4680.00    0.00000
 4690.00    0.00000
 4700.00    0.00000
 4710.00    0.00000
 4720.00    0.00000
 4730.00    0.00000
 4740.00    0.00000
 4750.00    0.00000
 4760.00    0.00000
 4770.00    0.00000
 4780.00    0.00000
 4790.00    0.00000
 4800.00    0.00000
 4810.00    0.00000
 4820.00    0.00000
 4830.00    0.00000
 4840.00    0.00000
 4850.00    0.00000
 4860.00    0.00000
 4870.00    0.00000
 4880.00    0.00000
 4890.00    0.00000
 4900.00    0.00000
 4910.00    0.00000
 4920.00    0.00000
 4930.00    0.00000
 4940.00    0.00000
 4950.00    0.00000
 4960.00    0.00000
 4970.00    0.00000
 4980.00    0.00000
 4990.00    0.00000
 5000.00    0.00000
 5010.00    0.00000
 5020.00    0.00000
 5030.00    0.00000
 5040.00    0.00000
 5050.00    0.00000
 5060.00    0.00000
 5070.00    0.00000
 5080.00    0.00000
 5090.00    0.00000
 5100.00    0.00000
 5110.00    0.00000
 5120.00    0.00000
 5130.00    0.00000
 5140.00    0.00000
 5150.00    0.00000
 5160.00    0.00000
 5170.00    0.00000
 5180.00    0.00000
 5190.00    0.00000
 5200.00    0.00000
 5210.00    0.00000
 5220.00    0.00000
 5230.00    0.00000
 5240.00    0.00000
 5250.00    0.00000
 5260.00    0.00000
 5270.00    0.00000
 5280.00    0.00000
 5290.00    0.00000
 5300.00    0.00000
 5310.00    0.00000
 5320.00    0.00000
 5330.00    0.00000
 5340.00    0.00000
 5350.00    0.00000
 5360.00    0.00000
 5370.00    0.00000
 5380.00    0.00000
 5390.00    0.00000
 5400.00    0.00000
 5410.00    0.00000
 5420.00    0.00000
 5430.00    0.00000
 5440.00    0.00000
 5450.00    0.00000
 5460.00    0.00000
 5470.00    0.00000
 5480.00    0.00000
 5490.00    0.00000
 5500.00    0.00000
 5510.00    0.00000
 5520.00    0.00000
 5530.00    0.00000
 5540.00    0.00000
 5550.00    0.00000
 5560.00    0.00000
 5570.00    0.00000
 5580.00    0.00000
 5590.00    0.00000
 5600.00    0.00000
 5610.00    0.00000
 5620.00    0.00000
 5630.00    0.00000
 5640.00    0.00000
 5650.00    0.00000
 5660.00    0.00000
 5670.00    0.00000
 5680.00    0.00000
 5690.00    0.00000
 5700.00    0.00000
 5710.00    0.00000
 5720.00    0.00000
 5730.00    0.00000
 5740.00    0.00000
 5750.00    0.00000
 5760.00    0.00000
 5770.00    0.00000
 5780.00    0.00000
 5790.00    0.00000
 5800.00    0.00000
 5810.00    0.00000
 5820.00    0.00000
 5830.00    0.00000
 5840.00    0.00000
 5850.00    0.00000
 5860.00    0.00000
 5870.00    0.00000
 5880.00    0.00000
 5890.00    0.00000
 5900.00    0.00000
 5910.00    0.00000
 5920.00    0.00000
 5930.00    0.00000
 5940.00    0.00000
 5950.00    0.00000
 5960.00    0.00000
 5970.00    0.00000
 5980.00    0.00000
 5990.00    0.00000
 6000.00    0.00000
 6010.00    0.00000
 6020.00    0.00000
 6030.00    0.00000
 6040.00    0.00000
 6050.00    0.00000
 6060.00    0.00000
 6070.00    0.00000
 6080.00    0.00000
 6090.00    0.00000
 6100.00    0.00000
 6110.00    0.00000
 6120.00    0.00000
 6130.00    0.00000
 6140.00    0.00000
 6150.00    0.00000
 6160.00    0.00000
 6170.00    0.00000
 6180.00    0.00000
 6190.00    0.00000
 6200.00    0.00000
 6210.00    0.00000
 6220.00    0.00000
 6230.00    0.00000
 6240.00    0.00000
 6250.00    0.00000
 6260.00    0.00000
 6270.00    0.00000
 6280.00    0.00000
 6290.00    0.00000
 6300.00    0.00000
 6310.00    0.00000
 6320.00    0.00000
 6330.00    0.00000
 6340.00    0.00000
 6350.00    0.00000
 6360.00    0.00000
 6370.00    0.00000
 6380.00    0.00000
 6390.00    0.00000
 6400.00    0.00000
 6410.00    0.00000
 6420.00    0.00000
 6430.00    0.00000
 6440.00    0.00000
 6450.00    0.00000
 6460.00    0.00000
 6470.00    0.00000
 6480.00    0.00000
 6490.00    0.00000
 6500.00    0.00000
 6510.00    0.00000
 6520.00    0.00000
 6530.00    0.00000
 6540.00    0.00000
 6550.00    0.00000
 6560.00    0.00000
 6570.00    0.00000
 6580.00    0.00000
 6590.00    0.00000
 6600.00    0.00000
 6610.00    0.00000
 6620.00    0.00000
 6630.00    0.00000
 6640.00    0.00000
 6650.00    0.00000
 6660.00    0.00000
 6670.00    0.00000
 6680.00    0.00000
 6690.00    0.00000
 6700.00    0.00000
 6710.00    0.00000
 6720.00    0.00000
 6730.00    0.00000
 6740.00    0.00000
 6750.00    0.00000
 6760.00    0.00000
 6770.00    0.00000
 6780.00    0.00000
 6790.00    0.00000
 6800.00    0.00000
 6810.00    0.00000
 6820.00    0.00000
 6830.00    0.00000
 6840.00    0.00000
 6850.00    0.00000
 6860.00    0.00000
 6870.00    0.00000
 6880.00    0.00000
 6890.00    0.00000
 6900.00    0.00000
 6910.00    0.00000
 6920.00    0.00000
 6930.00    0.00000
 6940.00    0.00000
 6950.00    0.00000
 6960.00    0.00000
 6970.00    0.00000
 6980.00    0.00000
 6990.00    0.00000
 7000.00    0.00000
 7010.00    0.00000
 7020.00    0.00000
 7030.00    0.00000
 7040.00    0.00000
 7050.00    0.00000
 7060.00    0.00000
 7070.00    0.00000
 7080.00    0.00000
 7090.00    0.00000
 7100.00    0.00000
 7110.00    0.00000
 7120.00    0.00000
 7130.00    0.00000
 7140.00    0.00000
 7150.00    0.00000
 7160.00    0.00000
 7170.00    0.00000
 7180.00    0.00000
 7190.00    0.00000
 7200.00    0.00000
 7210.00    0.00000
 7220.00    0.00000
 7230.00    0.00000
 7240.00    0.00000
 7250.00    0.00000
 7260.00    0.00000
 7270.00    0.00000
 7280.00    0.00000
 7290.00    0.00000
 7300.00    0.00000
 7310.00    0.00000
 7320.00    0.00000
 7330.00    0.00000
 7340.00    0.00000
 7350.00    0.00000
 7360.00    0.00000
 7370.00    0.00000
 7380.00    0.00000
 7390.00    0.00000
 7400.00    0.00000
 7410.00    0.00000
 7420.00    0.00000
 7430.00    0.00000
 7440.00    0.00000
 7450.00    0.00000
 7460.00    0.00000
 7470.00    0.00000
 7480.00    0.00000
 7490.00    0.00000
 7500.00    0.00000
 7510.00    0.00000
 7520.00    0.00000
 7530.00    0.00000
 7540.00    0.00000
 7550.00    0.00000
 7560.00    0.00000
 7570.00    0.00000
 7580.00    0.00000
 7590.00    0.00000
 7600.00    0.00000
 7610.00    0.00000
 7620.00    0.00000
 7630.00    0.00000
 7640.00    0.00000
 7650.00    0.00000
 7660.00    0.00000
 7670.00    0.00000
 7680.00    0.00000
 7690.00    0.00000
 7700.00    0.00000
 7710.00    0.00000
 7720.00    0.00000
 7730.00    0.00000
 7740.00    0.00000
 7750.00    0.00000
 7760.00    0.00000
 7770.00    0.00000
 7780.00    0.00000
 7790.00    0.00000
 7800.00    0.00000
 7810.00    0.00000
 7820.00    0.00000
 7830.00    0.00000
 7840.00    0.00000
 7850.00    0.00000
 7860.00    0.00000
 7870.00    0.00000
 7880.00    0.00000
 7890.00    0.00000
 7900.00    0.00000
 7910.00    0.00000
 7920.00    0.00000
 7930.00    0.00000
 7940.00    0.00000
 7950.00    0.00000
 7960.00    0.00000
 7970.00    0.00000
 7980.00    0.00000
 7990.00    0.00000
 8000.00    0.00000
 8010.00    0.00000
 8020.00    0.00000
 8030.00    0.00000
 8040.00    0.00000
 8050.00    0.00000
 8060.00    0.00000
 8070.00    0.00000
 8080.00    0.00000
 8090.00    0.00000
 8100.00    0.00000
 8110.00    0.00000
 8120.00    0.00000
 8130.00    0.00000
 8140.00    0.00000
 8150.00    0.00000
 8160.00    0.00000
 8170.00    0.00000
 8180.00    0.00000
 8190.00    0.00000
 8200.00    0.00000
 8210.00    0.00000
 8220.00    0.00000
 8230.00    0.00000
 8240.00    0.00000
 8250.00    0.00000
 8260.00    0.00000
 8270.00    0.00000
 8280.00    0.00000
 8290.00    0.00000
 8300.00    0.00000
 8310.00    0.00000
 8320.00    0.00000
 8330.00    0.00000
 8340.00    0.00000
 8350.00    0.00000
 8360.00    0.00000
 8370.00    0.00000
 8380.00    0.00000
 8390.00    0.00000
 8400.00    0.00000
 8410.00    0.00000
 8420.00    0.00000
 8430.00    0.00000
 8440.00    0.00000
 8450.00    0.00000
 8460.00    0.00000
 8470.00    0.00000
 8480.00    0.00000
 8490.00    0.00000
 8500.00    0.00000
 8510.00    0.00000
 8520.00    0.00000
 8530.00    0.00000
 8540.00    0.00000
 8550.00    0.00000
 8560.00    0.00000
 8570.00    0.00000
 8580.00    0.00000
 8590.00    0.00000
 8600.00    0.00000
 8610.00    0.00000
 8620.00    0.00000
 8630.00    0.00000
 8640.00    0.00000
 8650.00    0.00000
 8660.00    0.00000
 8670.00    0.00000
 8680.00    0.00000
 8690.00    0.00000
 8700.00    0.00000
 8710.00    0.00000
 8720.00    0.00000
 8730.00    0.00000
 8740.00    0.00000
 8750.00    0.00000
 8760.00    0.00000
 8770.00    0.00000
 8780.00    0.00000
 8790.00    0.00000
 8800.00    0.00000
 8810.00    0.00000
 8820.00    0.00000
 8830.00    0.00000
 8840.00    0.00000
 8850.00    0.00000
 8860.00    0.00000
 8870.00    0.00000
 8880.00    0.00000
 8890.00    0.00000
 8900.00    0.00000
 8910.00    0.00000
 8920.00    0.00000
 8930.00    0.00000
 8940.00    0.00000
 8950.00    0.00000
 8960.00    0.00000
 8970.00    0.00000
 8980.00    0.00000
 8990.00    0.00000
 9000.00    0.00000
 9010.00    0.00000
 9020.00    0.00000
 9030.00    0.00000
 9040.00    0.00000
 9050.00    0.00000
 9060.00    0.00000
 9070.00    0.00000
 9080.00    0.00000
 9090.00    0.00000
 9100.00    0.00000
 9110.00    0.00000
 9120.00    0.00000
 9130.00    0.00000
 9140.00    0.00000
 9150.00    0.00000
 9160.00    0.00000
 9170.00    0.00000
 9180.00    0.00000
 9190.00    0.00000
 9200.00    0.00000
 9210.00    0.00000
 9220.00    0.00000
 9230.00    0.00000
 9240.00    0.00000
 9250.00    0.00000
 9260.00    0.00000
 9270.00    0.00000
 9280.00    0.00000
 9290.00    0.00000
 9300.00    0.00000
 9310.00    0.00000
 9320.00    0.00000
 9330.00    0.00000
 9340.00    0.00000
 9350.00    0.00000
 9360.00    0.00000
 9370.00    0.00000
 9380.00    0.00000
 9390.00    0.00000
 9400.00    0.00000
 9410.00    0.00000
 9420.00    0.00000
 9430.00    0.00000
 9440.00    0.00000
 9450.00    0.00000
 9460.00    0.00000
 9470.00    0.00000
 9480.00    0.00000
 9490.00    0.00000
 9500.00    0.00000
 9510.00    0.00000
 9520.00    0.00000
 9530.00    0.00000
 9540.00    0.00000
 9550.00    0.00000
 9560.00    0.00000
 9570.00    0.00000
 9580.00    0.00000
 9590.00    0.00000
 9600.00    0.00000
 9610.00    0.00000
 9620.00    0.00000
 9630.00    0.00000
 9640.00    0.00000
 9650.00    0.00000
 9660.00    0.00000
 9670.00    0.00000
 9680.00    0.00000
 9690.00    0.00000
 9700.00    0.00000
 9710.00    0.00000
 9720.00    0.00000
 9730.00    0.00000
 9740.00    0.00000
 9750.00    0.00000
 9760.00    0.00000
 9770.00    0.00000
 9780.00    0.00000
 9790.00    0.00000
 9800.00    0.00000
 9810.00    0.00000
 9820.00    0.00000
 9830.00    0.00000
 9840.00    0.00000
 9850.00    0.00000
 9860.00    0.00000
 9870.00    0.00000
 9880.00    0.00000
 9890.00    0.00000
 9900.00    0.00000
 9910.00    0.00000
 9920.00    0.00000
 9930.00    0.00000
 9940.00    0.00000
 9950.00    0.00000
 9960.00    0.00000
 9970.00    0.00000
 9980.00    0.00000
 9990.00    0.00000
10000.00    0.00000
10010.00    0.00000
10020.00    0.00000
10030.00    0.00000
10040.00    0.00000
10050.00    0.00000
10060.00    0.00000
10070.00    0.00000
10080.00    0.00000
10090.00    0.00000
10100.00    0.00000
10110.00    0.00000
10120.00    0.00000
10130.00    0.00000
10140.00    0.00000
10150.00    0.00000
10160.00    0.00000
10170.00    0.00000
10180.00    0.00000
10190.00    0.00000
10200.00    0.00000
10210.00    0.00000
10220.00    0.00000
10230.00    0.00000
10240.00    0.00000
10250.00    0.00000
10260.00    0.00000
10270.00    0.00000
10280.00    0.00000
10290.00    0.00000
10300.00    0.00000
10310.00    0.00000
10320.00    0.00000
10330.00    0.00000
10340.00    0.00000
10350.00    0.00000
10360.00    0.00000
10370.00    0.00000
10380.00    0.00000
10390.00    0.00000
10400.00    0.00000
10410.00    0.00000
10420.00    0.00000
10430.00    0.00000
10440.00    0.00000
10450.00    0.00000
10460.00    0.00000
10470.00    0.00000
10480.00    0.00000
10490.00    0.00000
10500.00    0.00000
10510.00    0.00000
10520.00    0.00000
10530.00    0.00000
10540.00    0.00000
10550.00    0.00000
10560.00    0.00000
10570.00    0.00000
10580.00    0.00000
10590.00    0.00000
10600.00    0.00000
10610.00    0.00000
10620.00    0.00000
10630.00    0.00000
10640.00    0.00000
10650.00    0.00000
10660.00    0.00000
10670.00    0.00000
10680.00    0.00000
10690.00    0.00000
10700.00    0.00000
10710.00    0.00000
10720.00    0.00000
10730.00    0.00000
10740.00    0.00000
10750.00    0.00000
10760.00    0.00000
10770.00    0.00000
10780.00    0.00000
10790.00    0.00000
10800.00    0.00000
10810.00    0.00000
10820.00    0.00000
10830.00    0.00000
10840.00    0.00000
10850.00    0.00000
10860.00    0.00000
10870.00    0.00000
10880.00    0.00000
10890.00    0.00000
10900.00    0.00000
10910.00    0.00000
10920.00    0.00000
10930.00    0.00000
10940.00    0.00000
10950.00    0.00000
10960.00    0.00000
10970.00    0.00000
10980.00    0.00000
10990.00    0.00000
11000.00    0.00000
